

 1
 1
 3
 4
 5
 6
 7
 8
 9
 1
 2111
 
 
 
 
 235833
 4
 
 6555
 9
 1
 2
 3
 4
 5
 612
 
 
 
 3567
 33
 8
 1
 
 
 
 
 
 
 33
 
 
 
 
 3
 3
 
 
 
 
 333
 
 
 11
 21
 12
 
 
 456
 7
 8
 1
 2
 3
 4
 5
 1
 
 
 
 2345
 6
 
 7
 7
 7
 7
 7
 7
 7
 7
 7
 7
 7
 7
 7
 7
 7
 
 
 
 7
 7
 7
 7
 7
 7
 77777777
 1
 11
 
 
 
 
 
 
 
 
 239
 
 
 
 
 1
 
 
 
 
 3
 
 
 
 
 5
 
 
 6
 
 9
 9
 9
 9
 
 
 
 
 
 
 1
 
 
 
 
 
 
 
 
 123456
 
 
 
 
 12345678
 
 
 
 
 123456789
 
 
 134567
 
 4567
 
 6
 1
 1
 1
 1
 1
 1
 1
 1
 1
 1
 1
 1
 1
 1
 1
 1
 1
 1
 1
 1
 1
 1
 1
 1
 1
 1
 1
 1
 1
 1
 1
 
 1
 
 
 
 
 
 
 
 1
 
 
 
 
 
 
 
 
 
 14555
 
 
 
 
 
 
 
 4
 
 
 
 
 56
 6
 6
